MSFT,2019-09-17,136.425,17976285.000,136.960,137.520,137.390,
MSFT,2019-09-18,136.530,24473386.000,137.360,138.670,138.520,
MSFT,2019-09-19,140.074,36095413.000,140.300,142.370,141.070,
MSFT,2019-09-20,138.250,40040766.000,141.010,141.650,139.440,
MSFT,2019-09-23,138.440,17408374.000,139.230,139.630,139.140,
MSFT,2019-09-24,136.880,30016670.000,140.360,140.690,137.380,
MSFT,2019-09-25,136.030,22544054.000,137.500,139.958,139.360,
MSFT,2019-09-26,138.440,17813512.000,139.440,140.180,139.540,
MSFT,2019-09-27,136.645,22498958.000,140.150,140.360,137.730,
MSFT,2019-09-30,137.780,18430390.000,138.050,139.215,139.030,
MSFT,2019-10-01,137.000,22581929.000,139.660,140.250,137.070,
MSFT,2019-10-02,133.580,32001763.000,136.250,136.370,134.650,
MSFT,2019-10-03,133.220,26379798.000,134.950,136.750,136.280,
MSFT,2019-10-04,136.420,23839548.000,136.750,138.250,138.120,
MSFT,2019-10-07,137.020,16601284.000,137.140,138.180,137.120,
MSFT,2019-10-08,135.620,26783336.000,137.080,137.760,135.670,
MSFT,2019-10-09,136.970,20178482.000,137.460,138.700,138.240,
MSFT,2019-10-10,138.250,18396605.000,138.490,139.670,139.100,
MSFT,2019-10-11,139.500,25551065.000,140.120,141.030,139.680,
MSFT,2019-10-14,139.520,13591639.000,139.690,140.290,139.550,
MSFT,2019-10-15,139.810,19917762.000,140.060,141.790,141.575,
MSFT,2019-10-16,139.530,20841687.000,140.790,140.990,140.410,
MSFT,2019-10-17,139.020,22102797.000,140.950,141.420,139.690,
MSFT,2019-10-18,136.560,30650850.000,139.760,140.000,137.410,
MSFT,2019-10-21,137.010,20078066.000,138.450,138.500,138.430,
MSFT,2019-10-22,136.260,27935270.000,138.970,140.010,136.370,
MSFT,2019-10-23,135.610,31380309.000,136.880,137.450,137.240,
MSFT,2019-10-24,138.670,37278399.000,139.390,140.420,139.940,
MSFT,2019-10-25,139.200,25959724.000,139.340,141.140,140.730,
MSFT,2019-10-28,143.510,34912902.000,144.400,145.670,144.190,
MSFT,2019-10-29,142.650,20589469.000,144.080,144.500,142.830,
MSFT,2019-10-30,142.790,18496591.000,143.520,145.000,144.610,
MSFT,2019-10-31,142.990,24605135.000,144.900,144.930,143.370,
MSFT,2019-11-01,142.965,33128366.000,144.260,144.420,143.720,
MSFT,2019-11-04,144.160,16911999.000,144.830,145.000,144.550,
MSFT,2019-11-05,143.905,18250172.000,144.970,145.020,144.460,
MSFT,2019-11-06,143.200,16575798.000,144.370,144.520,144.060,
MSFT,2019-11-07,143.770,17786715.000,143.840,144.880,144.260,
MSFT,2019-11-08,143.760,16752939.000,143.980,145.990,145.960,
MSFT,2019-11-11,144.730,14370178.000,145.340,146.420,146.110,
MSFT,2019-11-12,146.060,18648712.000,146.280,147.570,147.070,
MSFT,2019-11-13,146.280,17444230.000,146.740,147.463,147.310,
MSFT,2019-11-14,147.000,19755100.000,147.020,148.410,148.060,
MSFT,2019-11-15,148.270,23508807.000,148.930,149.990,149.970,
MSFT,2019-11-18,148.980,21554762.000,150.070,150.550,150.340,
MSFT,2019-11-19,150.195,23960164.000,150.880,151.330,150.390,
MSFT,2019-11-20,148.460,25720060.000,150.310,150.840,149.620,
MSFT,2019-11-21,148.501,18576083.000,149.400,149.800,149.480,
MSFT,2019-11-22,148.820,15841680.000,150.070,150.300,149.590,
MSFT,2019-11-25,149.920,22428585.000,150.000,151.350,151.230,
MSFT,2019-11-26,151.320,24635100.000,151.360,152.420,152.030,
MSFT,2019-11-27,151.520,15201293.000,152.330,152.500,152.320,
MSFT,2019-11-29,151.280,11977300.000,152.100,152.300,151.380,
MSFT,2019-12-02,148.320,27473616.000,151.810,151.830,149.550,
MSFT,2019-12-03,146.650,25192145.000,147.490,149.430,149.310,
MSFT,2019-12-04,149.200,17580617.000,150.140,150.180,149.850,
MSFT,2019-12-05,149.480,17880601.000,150.050,150.320,149.930,
MSFT,2019-12-06,150.270,16410400.000,150.990,151.870,151.750,
MSFT,2019-12-09,150.910,16741350.000,151.070,152.210,151.360,
MSFT,2019-12-10,150.765,16481060.000,151.290,151.890,151.130,
MSFT,2019-12-11,150.330,18860001.000,151.540,151.870,151.700,
MSFT,2019-12-12,151.020,24645366.000,151.650,153.440,153.240,
MSFT,2019-12-13,152.830,23850062.000,153.111,154.890,154.530,
MSFT,2019-12-16,154.820,24152770.000,155.110,155.900,155.530,
MSFT,2019-12-17,154.450,25443527.000,155.450,155.710,154.690,
MSFT,2019-12-18,154.180,24132379.000,154.300,155.480,154.370,
MSFT,2019-12-19,153.750,25813825.000,154.000,155.770,155.710,
MSFT,2019-12-20,156.290,53599613.000,157.350,158.490,157.410,
MSFT,2019-12-23,157.270,17726283.000,158.120,158.120,157.410,
MSFT,2019-12-24,157.115,8989150.000,157.480,157.710,157.380,
MSFT,2019-12-26,157.400,14526927.000,157.551,158.730,158.670,
MSFT,2019-12-27,158.220,18414352.000,159.450,159.550,158.960,
MSFT,2019-12-30,156.730,16356720.000,158.987,159.020,157.590,
MSFT,2019-12-31,156.450,18393383.000,156.770,157.770,157.700,
MSFT,2020-01-02,158.330,22634546.000,158.780,160.730,160.620,
MSFT,2020-01-03,158.060,21121681.000,158.320,159.945,158.620,
MSFT,2020-01-06,156.510,20826702.000,157.080,159.100,159.030,
MSFT,2020-01-07,157.320,21881740.000,159.320,159.670,157.580,
MSFT,2020-01-08,157.949,27762026.000,158.930,160.800,160.090,
MSFT,2020-01-09,161.030,21399951.000,161.835,162.215,162.090,
MSFT,2020-01-10,161.180,20733946.000,162.824,163.220,161.340,
MSFT,2020-01-13,161.260,18666414.000,161.760,163.310,163.280,
MSFT,2020-01-14,161.720,23500783.000,163.390,163.600,162.130,
MSFT,2020-01-15,162.570,21417871.000,162.620,163.940,163.180,
MSFT,2020-01-16,164.030,23865360.000,164.350,166.240,166.170,
MSFT,2020-01-17,165.430,34371659.000,167.420,167.468,167.100,
MSFT,2020-01-21,166.430,29223486.000,166.680,168.190,166.500,
MSFT,2020-01-22,165.680,24138777.000,167.400,167.490,165.700,
MSFT,2020-01-23,165.270,19680766.000,166.190,166.800,166.720,
MSFT,2020-01-24,164.450,24918117.000,167.510,167.530,165.040,
MSFT,2020-01-27,160.200,32078067.000,161.150,163.375,162.280,
MSFT,2020-01-28,163.073,24899940.000,163.780,165.755,165.460,
MSFT,2020-01-29,165.690,35127771.000,167.840,168.750,168.040,
MSFT,2020-01-30,170.790,51597470.000,174.050,174.050,172.780,
MSFT,2020-01-31,169.580,36142690.000,172.210,172.400,170.230,
MSFT,2020-02-03,170.400,30149052.000,170.430,174.500,174.380,
MSFT,2020-02-04,176.310,36433339.000,177.140,180.640,180.120,
MSFT,2020-02-05,178.410,39186324.000,184.030,184.200,179.900,
MSFT,2020-02-06,180.059,27532204.000,180.970,183.820,183.630,
MSFT,2020-02-07,182.480,25705891.000,182.845,185.630,183.890,
